Para 1 items:
Aproximacion -> 1 paquetes -> [[0.72]]
Greedy -> 1 paquetes -> [[0.72]]

Para 11 items:
Aproximacion -> 8 paquetes -> [[0.52, 0.04, 0.18], [0.32, 0.01], [0.86], [0.85], [0.68], [0.7], [0.83], [0.36]]
Greedy -> 6 paquetes -> [[0.86, 0.04, 0.01], [0.85], [0.83], [0.7, 0.18], [0.68, 0.32], [0.52, 0.36]]

Para 21 items:
Aproximacion -> 15 paquetes -> [[0.19, 0.17], [0.86], [0.39], [0.94], [0.75], [0.96], [0.51], [0.53], [0.93], [0.16, 0.21, 0.53], [0.12, 0.64], [0.46, 0.22], [0.76], [0.31, 0.07], [0.97]]
Greedy -> 12 paquetes -> [[0.97], [0.96], [0.94], [0.93, 0.07], [0.86, 0.12], [0.76, 0.22], [0.75, 0.21], [0.64, 0.31], [0.53, 0.46], [0.53, 0.39], [0.51, 0.19, 0.17], [0.16]]

Para 31 items:
Aproximacion -> 19 paquetes -> [[0.97], [0.88], [0.35, 0.33], [0.54, 0.38], [0.37, 0.1, 0.23], [0.9], [0.66], [0.77, 0.11], [0.29, 0.44, 0.17], [0.35], [0.66], [0.43, 0.5, 0.06], [0.93], [0.93], [0.65], [0.74], [0.96], [0.33, 0.21, 0.33], [0.37, 0.29]]
Greedy -> 16 paquetes -> [[0.97], [0.96], [0.93, 0.06], [0.93], [0.9, 0.1], [0.88, 0.11], [0.77, 0.23], [0.74, 0.21], [0.66, 0.33], [0.66, 0.33], [0.65, 0.35], [0.54, 0.44], [0.5, 0.43], [0.38, 0.37, 0.17], [0.37, 0.35], [0.33, 0.29, 0.29]]

Para 41 items:
Aproximacion -> 29 paquetes -> [[0.35, 0.15], [0.71], [0.4, 0.52], [0.36, 0.15, 0.4], [0.4, 0.2], [0.8], [0.72], [0.58], [0.93], [0.19], [0.85], [0.54], [0.91], [0.78], [0.34, 0.4, 0.06], [0.57, 0.35], [0.57], [0.74, 0.14], [0.77], [0.46], [0.83], [0.88, 0.02], [0.55], [0.57, 0.24], [0.58, 0.06], [0.54], [0.73], [0.44], [0.67]]
Greedy -> 23 paquetes -> [[0.93, 0.06], [0.91, 0.06, 0.02], [0.88], [0.85, 0.15], [0.83, 0.15], [0.8, 0.2], [0.78, 0.19], [0.77, 0.14], [0.74, 0.24], [0.73], [0.72], [0.71], [0.67], [0.58, 0.4], [0.58, 0.4], [0.57, 0.4], [0.57, 0.4], [0.57, 0.36], [0.55, 0.44], [0.54, 0.46], [0.54, 0.35], [0.52, 0.35], [0.34]]

